7700 4.82544e-08
7701 5.08155e-08
7702 5.33184e-08
7703 5.51229e-08
7704 5.7393e-08
7705 5.95467e-08
7706 6.1526e-08
7707 6.33886e-08
7708 6.46692e-08
7709 6.61826e-08
7710 6.75213e-08
7711 6.8278e-08
7712 6.92676e-08
7713 6.98496e-08
7714 7.02571e-08
7715 7.07228e-08
7716 7.10138e-08
7717 7.11302e-08
7718 7.11302e-08
7719 7.10138e-08
7720 7.07228e-08
7721 7.03153e-08
7722 6.9675e-08
7723 6.88601e-08
7724 6.79288e-08
7725 6.71139e-08
7726 6.62408e-08
7727 6.48438e-08
7728 6.37961e-08
7729 6.26901e-08
7730 6.14677e-08
7731 5.97797e-08
7732 5.84989e-08
7733 5.65781e-08
7734 5.45408e-08
7735 5.23871e-08
7736 5.07573e-08
7737 4.8429e-08
7738 4.60425e-08
7739 4.3656e-08
7740 4.17933e-08
7741 3.99307e-08
7742 3.7486e-08
7743 3.49248e-08
7744 3.24219e-08
7745 2.99772e-08
7746 2.76488e-08
7747 2.59607e-08
7748 2.42727e-08
7749 2.2119e-08
7750 2.01982e-08
7751 1.93251e-08
7752 1.80445e-08
7753 1.66475e-08
7754 1.58326e-08
7755 1.50177e-08
7756 1.44356e-08
7757 1.41445e-08
7758 1.41445e-08
7759 1.41445e-08
7760 1.43773e-08
7761 1.46684e-08
7762 1.50759e-08
7763 1.53669e-08
7764 1.55416e-08
7765 1.58908e-08
7766 1.60654e-08
7767 1.62983e-08
7768 1.64147e-08
7769 1.64147e-08
7770 1.64147e-08
7771 1.63565e-08
7772 1.61818e-08
7773 1.60654e-08
7774 1.5658e-08
7775 1.53087e-08
7776 1.4843e-08
7777 1.43191e-08
7778 1.39699e-08
7779 1.33878e-08
7780 1.29804e-08
7781 1.23983e-08
7782 1.18744e-08
7783 1.15252e-08
7784 1.11177e-08
7785 1.08267e-08
7786 1.06521e-08
7787 1.04774e-08
7788 1.04192e-08
7789 1.04192e-08
7790 1.04774e-08
7791 1.06521e-08
7792 1.08267e-08
7793 1.11759e-08
7794 1.16416e-08
7795 1.22237e-08
7796 1.28057e-08
7797 1.33296e-08
7798 1.40863e-08
7799 1.49595e-08
7800 1.5949e-08
7801 1.69385e-08
7802 1.7637e-08
7803 1.84519e-08
7804 1.94997e-08
7805 2.05474e-08
7806 2.13623e-08
7807 2.21772e-08
7808 2.33414e-08
7809 2.41563e-08
7810 2.53204e-08
7811 2.65428e-08
7812 2.74741e-08
7813 2.84637e-08
7814 2.98608e-08
7815 3.09085e-08
7816 3.24219e-08
7817 3.3586e-08
7818 3.45174e-08
7819 3.53905e-08
7820 3.62636e-08
7821 3.7486e-08
7822 3.93486e-08
7823 4.06292e-08
7824 4.20262e-08
7825 4.35396e-08
7826 4.54604e-08
7827 4.77887e-08
7828 4.87782e-08
7829 5.08155e-08
7830 5.28528e-08
7831 5.55885e-08
7832 5.65781e-08
7833 5.76258e-08
7834 5.92556e-08
7835 6.12931e-08
7836 6.28065e-08
7837 6.43199e-08
7838 6.57751e-08
7839 6.67064e-08
7840 6.86273e-08
7841 7.04899e-08
7842 7.18287e-08
7843 7.35749e-08
7844 7.44481e-08
7845 7.57286e-08
7846 7.68346e-08
7847 7.76495e-08
7848 7.90465e-08
7849 8.03852e-08
7850 8.16076e-08
7851 8.27135e-08
7852 8.38777e-08
7853 8.49254e-08
7854 8.5915e-08
7855 8.66717e-08
7856 8.73702e-08
7857 8.84179e-08
7858 8.94656e-08
7859 9.05716e-08
7860 9.17939e-08
7861 9.30163e-08
7862 9.43551e-08
7863 9.58103e-08
7864 9.72655e-08
7865 9.83714e-08
7866 1.00001e-07
7867 1.01224e-07
7868 1.02853e-07
7869 1.04018e-07
7870 1.05589e-07
7871 1.07161e-07
7872 1.08674e-07
7873 1.10071e-07
7874 1.11352e-07
7875 1.12225e-07
7876 1.13273e-07
7877 1.14087e-07
7878 1.14902e-07
7879 1.15659e-07
7880 1.16241e-07
7881 1.16707e-07
7882 1.16998e-07
7883 1.17231e-07
7884 1.17405e-07
7885 1.17522e-07
7886 1.1758e-07
7887 1.17638e-07
7888 1.1758e-07
7889 1.17405e-07
7890 1.17347e-07
7891 1.17172e-07
7892 1.1694e-07
7893 1.16707e-07
7894 1.16416e-07
7895 1.16008e-07
7896 1.15426e-07
7897 1.14902e-07
7898 1.14379e-07
7899 1.1368e-07
7900 1.12749e-07
7901 1.11759e-07
7902 1.10944e-07
7903 1.0978e-07
7904 1.085e-07
7905 1.07917e-07
7906 1.06928e-07
7907 1.0588e-07
7908 1.04541e-07
7909 1.03319e-07
7910 1.02155e-07
7911 1.01049e-07
7912 1.00292e-07
7913 9.97102e-08
7914 9.92445e-08
7915 9.87789e-08
7916 9.8546e-08
7917 9.84878e-08
7918 9.8546e-08
7919 9.88371e-08
7920 9.94191e-08
7921 1.00059e-07
7922 1.01107e-07
7923 1.02038e-07
7924 1.0361e-07
7925 1.05415e-07
7926 1.07394e-07
7927 1.09023e-07
7928 1.11352e-07
7929 1.13738e-07
7930 1.16416e-07
7931 1.18977e-07
7932 1.20898e-07
7933 1.23576e-07
7934 1.26253e-07
7935 1.28291e-07
7936 1.3091e-07
7937 1.33471e-07
7938 1.35392e-07
7939 1.37837e-07
7940 1.40281e-07
7941 1.4261e-07
7942 1.4488e-07
7943 1.47033e-07
7944 1.48605e-07
7945 1.50759e-07
7946 1.52738e-07
7947 1.54659e-07
7948 1.56521e-07
7949 1.57453e-07
7950 1.59199e-07
7951 1.60829e-07
7952 1.62342e-07
7953 1.63855e-07
7954 1.64845e-07
7955 1.66126e-07
7956 1.67057e-07
7957 1.67872e-07
7958 1.68687e-07
7959 1.69385e-07
7960 1.70258e-07
7961 1.71073e-07
7962 1.7183e-07
7963 1.72528e-07
7964 1.72936e-07
7965 1.73402e-07
7966 1.73867e-07
7967 1.74449e-07
7968 1.75031e-07
7969 1.75613e-07
7970 1.76254e-07
7971 1.76952e-07
7972 1.77476e-07
7973 1.78116e-07
7974 1.78815e-07
7975 1.79513e-07
7976 1.79921e-07
7977 1.80386e-07
7978 1.81143e-07
7979 1.819e-07
7980 1.82657e-07
7981 1.83471e-07
7982 1.83995e-07
7983 1.84752e-07
7984 1.85567e-07
7985 1.86265e-07
7986 1.86848e-07
7987 1.87488e-07
7988 1.88419e-07
7989 1.8935e-07
7990 1.9034e-07
7991 1.91388e-07
7992 1.92435e-07
7993 1.93367e-07
7994 1.94647e-07
7995 1.95986e-07
7996 1.97441e-07
7997 1.99071e-07
7998 2.00352e-07
7999 2.02273e-07
8000 2.04135e-07
8001 2.06289e-07
8002 2.08326e-07
8003 2.10422e-07
8004 2.11469e-07
8005 2.13565e-07
8006 2.15602e-07
8007 2.17581e-07
8008 2.19502e-07
8009 2.20899e-07
8010 2.22238e-07
8011 2.23518e-07
8012 2.24799e-07
8013 2.26371e-07
8014 2.27884e-07
8015 2.28932e-07
8016 2.30387e-07
8017 2.31784e-07
8018 2.33006e-07
8019 2.34345e-07
8020 2.35334e-07
8021 2.36673e-07
8022 2.3807e-07
8023 2.39526e-07
8024 2.4104e-07
8025 2.4232e-07
8026 2.4395e-07
8027 2.45522e-07
8028 2.46511e-07
8029 2.47675e-07
8030 2.48723e-07
8031 2.50411e-07
8032 2.52856e-07
8033 2.55417e-07
8034 2.58269e-07
8035 2.60598e-07
8036 2.63333e-07
8037 2.66593e-07
8038 2.68281e-07
8039 2.71715e-07
8040 2.75382e-07
8041 2.78234e-07
8042 2.82134e-07
8043 2.86384e-07
8044 2.89701e-07
8045 2.943e-07
8046 2.96686e-07
8047 2.99189e-07
8048 3.04428e-07
8049 3.09667e-07
8050 3.15196e-07
8051 3.21366e-07
8052 3.26896e-07
8053 3.31494e-07
8054 3.37606e-07
8055 3.43951e-07
8056 3.50354e-07
8057 3.55243e-07
8058 3.60074e-07
8059 3.64964e-07
8060 3.69737e-07
8061 3.76314e-07
8062 3.81146e-07
8063 3.87665e-07
8064 3.94126e-07
8065 4.00471e-07
8066 4.06932e-07
8067 4.11937e-07
8068 4.16652e-07
8069 4.23172e-07
8070 4.29633e-07
8071 4.3621e-07
8072 4.42729e-07
8073 4.49307e-07
8074 4.54313e-07
8075 4.61006e-07
8076 4.67759e-07
8077 4.74452e-07
8078 4.81265e-07
8079 4.86387e-07
8080 4.89821e-07
8081 4.95002e-07
8082 5.01754e-07
8083 5.08855e-07
8084 5.1584e-07
8085 5.19332e-07
8086 5.26317e-07
8087 5.33244e-07
8088 5.38425e-07
8089 5.41917e-07
8090 5.47097e-07
8091 5.53791e-07
8092 5.58972e-07
8093 5.64094e-07
8094 5.70904e-07
8095 5.75968e-07
8096 5.81033e-07
8097 5.87726e-07
8098 5.94304e-07
8099 6.00823e-07
8100 6.07401e-07
8101 6.1229e-07
8102 6.17121e-07
8103 6.23466e-07
8104 6.29927e-07
8105 6.33128e-07
8106 6.37843e-07
8107 6.42558e-07
8108 6.48844e-07
8109 6.55131e-07
8110 6.61184e-07
8111 6.67354e-07
8112 6.72011e-07
8113 6.78181e-07
8114 6.84409e-07
8115 6.90579e-07
8116 6.96691e-07
8117 7.02803e-07
8118 7.07401e-07
8119 7.13513e-07
8120 7.17995e-07
8121 7.22477e-07
8122 7.26959e-07
8123 7.31208e-07
8124 7.37029e-07
8125 7.41511e-07
8126 7.4576e-07
8127 7.51232e-07
8128 7.55364e-07
8129 7.60836e-07
8130 7.64911e-07
8131 7.70149e-07
8132 7.75097e-07
8133 7.7888e-07
8134 7.82489e-07
8135 7.87204e-07
8136 7.91802e-07
8137 7.96284e-07
8138 7.99544e-07
8139 8.02978e-07
8140 8.05772e-07
8141 8.09789e-07
8142 8.13514e-07
8143 8.17297e-07
8144 8.19917e-07
8145 8.22478e-07
8146 8.25563e-07
8147 8.28415e-07
8148 8.3022e-07
8149 8.32373e-07
8150 8.3377e-07
8151 8.34527e-07
8152 8.35284e-07
8153 8.35982e-07
8154 8.36622e-07
8155 8.36855e-07
8156 8.36739e-07
8157 8.36157e-07
8158 8.35109e-07
8159 8.33537e-07
8160 8.31442e-07
8161 8.28706e-07
8162 8.25446e-07
8163 8.21663e-07
8164 8.17123e-07
8165 8.12001e-07
8166 8.06296e-07
8167 8.01756e-07
8168 7.94596e-07
8169 7.8732e-07
8170 7.79521e-07
8171 7.70848e-07
8172 7.64037e-07
8173 7.59206e-07
8174 7.51814e-07
8175 7.44072e-07
8176 7.36098e-07
8177 7.27774e-07
8178 7.16191e-07
8179 7.04084e-07
8180 6.94945e-07
8181 6.81615e-07
8182 6.68286e-07
8183 6.53792e-07
8184 6.42616e-07
8185 6.27308e-07
8186 6.113e-07
8187 5.94653e-07
8188 5.8208e-07
8189 5.73233e-07
8190 5.55072e-07
8191 5.36154e-07
8192 5.21602e-07
8193 5.01637e-07
8194 4.8109e-07
8195 4.5961e-07
8196 4.38538e-07
8197 4.16536e-07
8198 3.94068e-07
8199 3.7125e-07
8200 3.59842e-07
8201 3.37141e-07
8202 3.13683e-07
8203 2.95406e-07
8204 2.8359e-07
8205 2.66244e-07
8206 2.4785e-07
8207 2.23868e-07
8208 1.99886e-07
8209 1.81842e-07
8210 1.63914e-07
8211 1.45986e-07
8212 1.22703e-07
8213 9.90699e-08
8214 8.10837e-08
8215 5.83825e-08
8216 3.81262e-08
8217 2.66592e-08
8218 2.73577e-08
8219 4.35978e-08
8220 6.47274e-08
8221 8.19568e-08
8222 9.26088e-08
8223 1.09605e-07
8224 1.32249e-07
8225 1.54775e-07
8226 1.65951e-07
8227 1.88244e-07
8228 2.0431e-07
8229 2.2672e-07
8230 2.47908e-07
8231 2.6409e-07
8232 2.85394e-07
8233 3.01576e-07
8234 3.21832e-07
8235 3.42205e-07
8236 3.5728e-07
8237 3.77886e-07
8238 3.96745e-07
8239 4.15605e-07
8240 4.30739e-07
8241 4.48841e-07
8242 4.57689e-07
8243 4.6642e-07
8244 4.801e-07
8245 4.92731e-07
8246 5.08098e-07
8247 5.24164e-07
8248 5.35863e-07
8249 5.47272e-07
8250 5.62406e-07
8251 5.76434e-07
8252 5.90229e-07
8253 6.00241e-07
8254 6.09962e-07
8255 6.1945e-07
8256 6.28588e-07
8257 6.34293e-07
8258 6.45701e-07
8259 6.54083e-07
8260 6.64211e-07
8261 6.74048e-07
8262 6.83129e-07
8263 6.9186e-07
8264 6.9966e-07
8265 7.03385e-07
8266 7.08449e-07
8267 7.1491e-07
8268 7.20789e-07
8269 7.24922e-07
8270 7.28647e-07
8271 7.33187e-07
8272 7.3732e-07
8273 7.40114e-07
8274 7.42675e-07
8275 7.45818e-07
8276 7.47914e-07
8277 7.49893e-07
8278 7.52338e-07
8279 7.53967e-07
8280 7.56005e-07
8281 7.56994e-07
8282 7.58682e-07
8283 7.60254e-07
8284 7.61418e-07
8285 7.62582e-07
8286 7.63339e-07
8287 7.64096e-07
8288 7.64619e-07
8289 7.6526e-07
8290 7.65493e-07
8291 7.65784e-07
8292 7.65784e-07
8293 7.65725e-07
8294 7.65493e-07
8295 7.6526e-07
8296 7.64736e-07
8297 7.64037e-07
8298 7.63397e-07
8299 7.62408e-07
8300 7.61185e-07
8301 7.59846e-07
8302 7.58158e-07
8303 7.5682e-07
8304 7.55364e-07
8305 7.53735e-07
8306 7.51348e-07
8307 7.49427e-07
8308 7.46575e-07
8309 7.4413e-07
8310 7.40871e-07
8311 7.37436e-07
8312 7.33653e-07
8313 7.30626e-07
8314 7.27483e-07
8315 7.22943e-07
8316 7.18403e-07
8317 7.13513e-07
8318 7.08507e-07
8319 7.03269e-07
8320 6.99252e-07
8321 6.93839e-07
8322 6.88251e-07
8323 6.82547e-07
8324 6.78181e-07
8325 6.73816e-07
8326 6.69334e-07
8327 6.64793e-07
8328 6.60253e-07
8329 6.55655e-07
8330 6.49601e-07
8331 6.43198e-07
8332 6.37203e-07
8333 6.30975e-07
8334 6.26434e-07
8335 6.20556e-07
8336 6.14735e-07
8337 6.10427e-07
8338 6.04723e-07
8339 6.00416e-07
8340 5.94886e-07
8341 5.89298e-07
8342 5.85223e-07
8343 5.79694e-07
8344 5.75561e-07
8345 5.71254e-07
8346 5.67179e-07
8347 5.62755e-07
8348 5.57051e-07
8349 5.51114e-07
8350 5.4506e-07
8351 5.3889e-07
8352 5.32604e-07
8353 5.27772e-07
8354 5.2137e-07
8355 5.1485e-07
8356 5.09961e-07
8357 5.05072e-07
8358 5.00124e-07
8359 4.93546e-07
8360 4.87144e-07
8361 4.82021e-07
8362 4.75558e-07
8363 4.69097e-07
8364 4.62811e-07
8365 4.56292e-07
8366 4.50005e-07
8367 4.43777e-07
8368 4.37607e-07
8369 4.33067e-07
8370 4.2713e-07
8371 4.22706e-07
8372 4.18398e-07
8373 4.12636e-07
8374 4.06932e-07
8375 4.02624e-07
8376 3.97211e-07
8377 3.91565e-07
8378 3.86268e-07
8379 3.80738e-07
8380 3.76664e-07
8381 3.71367e-07
8382 3.67467e-07
8383 3.63625e-07
8384 3.58561e-07
8385 3.53613e-07
8386 3.48899e-07
8387 3.44067e-07
8388 3.39585e-07
8389 3.35103e-07
8390 3.30738e-07
8391 3.28642e-07
8392 3.2451e-07
8393 3.22414e-07
8394 3.18456e-07
8395 3.14614e-07
8396 3.11762e-07
8397 3.09026e-07
8398 3.05476e-07
8399 3.01867e-07
8400 2.99364e-07
8401 2.96046e-07
8402 2.93718e-07
8403 2.90516e-07
8404 2.87548e-07
8405 2.84463e-07
8406 2.81552e-07
8407 2.78758e-07
8408 2.76605e-07
8409 2.74684e-07
8410 2.72006e-07
8411 2.69387e-07
8412 2.66884e-07
8413 2.64381e-07
8414 2.62577e-07
8415 2.60248e-07
8416 2.57978e-07
8417 2.55708e-07
8418 2.54136e-07
8419 2.52507e-07
8420 2.50411e-07
8421 2.48316e-07
8422 2.46802e-07
8423 2.45231e-07
8424 2.43601e-07
8425 2.41971e-07
8426 2.40341e-07
8427 2.3807e-07
8428 2.36266e-07
8429 2.33879e-07
8430 2.31958e-07
8431 2.29339e-07
8432 2.27302e-07
8433 2.24508e-07
8434 2.21597e-07
8435 2.19327e-07
8436 2.16242e-07
8437 2.13041e-07
8438 2.10654e-07
8439 2.07278e-07
8440 2.0367e-07
8441 2.00119e-07
8442 1.96335e-07
8443 1.93541e-07
8444 1.89641e-07
8445 1.85625e-07
8446 1.83588e-07
8447 1.81434e-07
8448 1.77243e-07
8449 1.74915e-07
8450 1.71714e-07
8451 1.68512e-07
8452 1.64903e-07
8453 1.60538e-07
8454 1.5722e-07
8455 1.52796e-07
8456 1.48954e-07
8457 1.4651e-07
8458 1.43308e-07
8459 1.40223e-07
8460 1.3609e-07
8461 1.32132e-07
8462 1.28291e-07
8463 1.24565e-07
8464 1.21015e-07
8465 1.1758e-07
8466 1.14379e-07
8467 1.11934e-07
8468 1.08558e-07
8469 1.06637e-07
8470 1.03727e-07
8471 1.01515e-07
8472 9.88371e-08
8473 9.62177e-08
8474 9.36566e-08
8475 9.12701e-08
8476 8.96403e-08
8477 8.80104e-08
8478 8.66135e-08
8479 8.4809e-08
8480 8.32374e-08
8481 8.18404e-08
8482 8.06763e-08
8483 7.99778e-08
8484 7.95121e-08
8485 7.91629e-08
8486 7.85226e-08
8487 7.80569e-08
8488 7.76495e-08
8489 7.75331e-08
8490 7.74166e-08
8491 7.73584e-08
8492 7.73584e-08
8493 7.74166e-08
8494 7.74749e-08
8495 7.76495e-08
8496 7.78241e-08
8497 7.80569e-08
8498 7.81733e-08
8499 7.84644e-08
8500 7.8639e-08
8501 7.90465e-08
8502 7.93957e-08
8503 7.9745e-08
8504 8.0327e-08
8505 8.07927e-08
8506 8.13748e-08
8507 8.21315e-08
8508 8.28882e-08
8509 8.36449e-08
8510 8.44598e-08
8511 8.51001e-08
8512 8.60896e-08
8513 8.71955e-08
8514 8.84179e-08
8515 8.96985e-08
8516 9.11537e-08
8517 9.26088e-08
8518 9.38894e-08
8519 9.55192e-08
8520 9.72072e-08
8521 9.89535e-08
8522 1.00176e-07
8523 1.01806e-07
8524 1.03494e-07
8525 1.05123e-07
8526 1.06753e-07
8527 1.07917e-07
8528 1.09489e-07
8529 1.11002e-07
8530 1.12516e-07
8531 1.13971e-07
8532 1.14902e-07
8533 1.15892e-07
8534 1.17056e-07
8535 1.18104e-07
8536 1.18802e-07
8537 1.19618e-07
8538 1.20142e-07
8539 1.20549e-07
8540 1.20956e-07
8541 1.21247e-07
8542 1.2148e-07
8543 1.21539e-07
8544 1.2148e-07
8545 1.21422e-07
8546 1.21131e-07
8547 1.20724e-07
8548 1.202e-07
8549 1.19618e-07
8550 1.18802e-07
8551 1.18046e-07
8552 1.17231e-07
8553 1.1595e-07
8554 1.14437e-07
8555 1.13273e-07
8556 1.11643e-07
8557 1.10188e-07
8558 1.08208e-07
8559 1.06113e-07
8560 1.04541e-07
8561 1.02446e-07
8562 1.007e-07
8563 9.84878e-08
8564 9.63341e-08
8565 9.42387e-08
8566 9.21432e-08
8567 9.12119e-08
8568 8.98149e-08
8569 8.84179e-08
8570 8.66717e-08
8571 8.55075e-08
8572 8.39359e-08
8573 8.24225e-08
8574 8.10255e-08
8575 7.99196e-08
8576 7.88718e-08
8577 7.81733e-08
8578 7.71256e-08
8579 7.57286e-08
8580 7.42152e-08
8581 7.27018e-08
8582 7.11884e-08
8583 6.96168e-08
8584 6.85109e-08
8585 6.69975e-08
8586 6.57751e-08
8587 6.50184e-08
8588 6.42617e-08
8589 6.27483e-08
8590 6.11767e-08
8591 5.97215e-08
8592 5.81497e-08
8593 5.69855e-08
8594 5.54721e-08
8595 5.39587e-08
8596 5.27364e-08
8597 5.1514e-08
8598 5.06991e-08
8599 4.94185e-08